111111111111111111111111111111
100000000110000000000000000001
100000000110000000000000000001
100000000110000000000000000001
100000000110000000001111111111
100001111111110000000000000001
100000000000000000000000000001
100000000000000000110000000001
100000000000110000111111111111
100001110000010000000000000001
100001110000000000000000000001
100001110000000000000000000001
100001110000000111111111000001
100001111111111100000000000001
100001111111000000000000000001
100000000111000000000000000001
100000000111000000011111111111
100000000111000000011000000001
100000000000000000011000000001
100000000000000000000000000001
100000000000000000000000000001
100000111111111111111111100001
100000111000000000000000000001
100000111000000000000000000001
100000111000000000000000000001
100000111111111111111111110001
100000000000000000111000000001
100000000000000000111000000001
100000000000000000111000000001
111111111111111111111111111111
