111111111111111111111111111111
100000010000000001111110000001
100000010000000000000000000001
100000010011111000000000010001
100000010000000000000000010001
100000010000000011111110000001
110001111111100000000000000001
100000000000000000000000000001
100000000000000000000000000001
100000000001111100000000000001
111111000000100000001111111111
111111000000100000001111111111
100000000000100000000000000001
100000000000100000000000000001
100000111000100000000000000001
100000111000100011111111111111
100000111000100000000000000001
100000000000000000000000000001
100000000000000000000001100001
111111111111111100000011111111
111111000000000000000000111111
111000000000000000111000000111
111000000110000001111100000011
110000001111000000111111000011
110000011111110000001110000011
110000000111111000000000000111
111000000001100000000000011111
111100000000000000000111111111
111111111000000011111111111111
111111111111111111111111111111
