111111111111111111111111111111
100000011000000000000000000001
100000011000000000000000000001
100000011000000011000000000001
100000011111111111000000011111
100000010000000011000000000001
111001110000000011000000000001
100000010000000011111111000001
100000010000000011111111000001
100000000000111110000000000001
100000000000000000000000000001
100000000000000000000000000001
100000011111111111111110000001
100001111111111111111110000001
100001100000000000000000000001
100001100000000000000000000001
100001100000000000000000000001
100001111111111111111100000001
100000000000000000001100000001
100000000000000000001100000001
100000001111100000001100000001
100000001111100000001100000001
100000000000000000000000000001
100000000000000000000000000001
111111111111111111111000000001
100000000001110000000000110001
100000000001110000000000110001
100000000000000000000000000001
100000000000000000000000000001
111111111111111111111111111111
